0.074752296
0.0010431634
0.058324408
0.039273397
0.0137951
-0.012788769
0.047162668
0.013659648
0.014053038
0.030233236
-0.0027642501
0.056405889
-0.001825174
0.098954667
0.080990019
0.013706668
0.14232037
0.28135443
0.044214199
0.1613021
0.097580095
-0.026204807
0.077239522
0.1751771
0.35070672
0.085121064
0.020418104
-0.026204807
0.057435032
0.039807162
0.031625721
0.073833941
0.022334774
0.053404494
-0.017730105
0.035735688
-0.03052931
0.13902685
-0.0073819701
0.16757474
0.00056775261
0.040110125
0.12135215
-0.036581731
0.020593231
0.014661356
0.011543662
-0.0019988675
0.0055219767
-0.036374988
0.060959732
0.1148603
0.060836691
0.104053
-0.021830433
0.057733185
0.083745022
0.13918995
0.068478318
-0.034382642
-0.020731333
0.097314837
0.021615923
0.032632935
0.024750605
0.032020644
0.0078590911
0.057101046
0.041287053
0.033520033
0.02902185
-0.024572846
0.087891696
0.094471617
-0.038632141
-0.0093497905
0.062624364
0.067124531
0.0078793888
0.035929099
0.045381945
0.034295977
0.044841595
0.041500089
-0.0076218967
0.086142937
0.017430801
0.0099286069
0.040899754
0.12259149
0.022789507
0.10596242
0.058574487
0.046283571
0.0007360627
0.15070015
0.19808523
0.041719306
0.13758724
0.0032717467
-0.046177081
0.018302759
0.0048860839
0.18005959
-0.0017483949
0.0093619511
0.092681816
0.0062986555
0.014373506
-0.010494811
0.069025679
-0.016244671
0.079532362
-0.036715447
0.089811135
-0.018605891
0.090216691
0.0029280863
0.15551902
0.019426586
0.086829118
-0.03580045
0.1285303
0.025020036
-0.013387342
0.079440742
0.05213202
0.1985165
-0.012154838
0.060632682
0.17866505
0.023843259
0.086936566
0.016656956
-0.024976936
0.043741751
0.056123266
0.089124125
0.12893647
0.044784724
0.026806428
-0.020318082
0.087366112
-0.018744357
0.039740886
-0.0007307133
0.069048392
0.018556637
0.021065731
0.11079642
0.11741033
-0.0098892939
-0.085688132
0.026425948
-0.0083817917
0.038139203
0.10004
0.015772034
-0.034180294
0.027637107
0.11769295
-0.042240077
0.0019845213
0.03274278
0.05036235
0.12705479
0.13261929
0.13936176
0.02126616
0.0091488551
-0.0010533975
-0.056960371
0.094712011
0.081380651
0.12789265
0.074022359
-0.00093076285
0.011112012
0.075970843
0.12186064
0.04321966
0.077823487
0.043044028
0.17869249
0.069748086
-0.021830433
-0.0058648695
0.081047142
0.041124831
0.22493216
0.024883594
0.039262281
0.049285906
0.36696611
0.080965336
-0.021993026
-0.0044370469
0.13551472
0.071623815
0.008775451
0.2061161
0.18146456
0.19114349
0.036762106
0.11998017
0.079064204
0.02702264
0.10404968
0.037515463
0.0063805462
-0.21830234
0.023833251
-0.093977679
0.034633237
0.025917587
0.079943569
0.059710902
-0.024999929
0.079867043
0.016321296
0.043929656
0.010251009
-0.0057037235
0.029738248
-0.0057072949
0.095325415
0.01916641
0.062151651
0.061725512
0.10398972
-0.030495257
-0.0098374219
-0.016269931
0.013113533
0.064676607
0.030253258
0.0029872975
0.011461932
0.004892611
0.011272695
0.036290652
0.13319735
0.026821697
0.020386947
0.018854647
-0.26488739
0.19454841
-0.011236758
0.22159958
-0.125108
9.6042067e-005
0.093985441
-0.0088061362
-0.0073596135
0.065658695
0.051228046
0.15609951
0.036494699
-0.014359687
0.075097153
0.0029040152
0.005973373
0.019403421
-0.011731764
-0.031251455
0.13972687
0.056316092
0.042078412
-0.034879342
0.0028069074
0.025711714
0.021696827
0.071515743
0.059351023
0.015256954
0.0326623
0.17134136
-0.0065958248
0.020546602
0.17637088
-0.001931465
0.082661987
0.047037908
-0.13109627
0.11615669
0.074626466
0.083786116
-0.0072028249
0.051764593
0.01538062
0.082185748
0.00037438922
-0.0011424657
-0.015588104
0.027917028
0.048450197
0.0017521583
0.08022445
0.086897786
-0.016099926
-0.25484541
-0.075484437
-0.036941066
-0.062152991
0.0021510158
-0.06428298
-0.041658884
-0.036270803
-0.026314567
-0.03485415
-0.021438914
-0.016443997
-0.21748708
0.00025200307
-0.059095657
-0.16311814
-0.033141349
-0.0031973414
-0.068896321
-0.03577484
-0.013038558
-0.036203665
-0.11148962
-0.071653658
-0.026911369
-0.042259672
-0.099214039
-0.039452933
-0.045747899
-0.14260319
-0.052867282
-0.031097391
-0.003429834
-0.16315122
-0.083714402
-0.11617515
-0.1134177
-0.079642617
-0.12761314
-0.17225844
-0.18208373
-0.11407643
-0.021830433
0.015027464
-0.10848499
-0.13453283
-0.15691668
-0.074690297
-0.069714083
-0.051342691
-0.060518293
-0.054427229
-0.14298169
-0.21174216
-0.16824239
-0.22134901
-0.073920677
-0.38139878
-0.28174207
-0.28597866
-0.25702161
-0.16481791
-0.35940842
-0.19667025
-0.27171922
-0.12163214
-0.27051684
-0.1871124
-0.29127563
-0.16851879
-0.14626573
-0.41598375
-0.35768274
-0.5531413
-0.28348146
-0.23326439
-0.29219374
-0.15579274
-0.24728961
-0.24666187
-0.24583885
-0.32169071
-0.29913115
-0.15902159
-0.3250682
-0.17752924
-0.25127217
-0.1198025
-0.33095571
-0.18170593
-0.18565474
-0.17207764
-0.13520857
-0.18382324
-0.14835838
-0.15250512
-0.10973667
-0.2456226
-0.22666787
-0.20871997
-0.186601
-0.22563045
-0.1924612
-0.64835248
-0.42530442
-0.16438638
-0.15769772
-0.26593459
-0.41978127
-0.34978843
-0.43457804
-0.13167936
-0.39716857
-0.45434241
-0.50296645
-0.16740245
-0.26003915
-0.22741197
-0.20581204
-0.20119367
-0.10472451
-0.15851199
-0.053105092
-0.16857511
-0.24544996
-0.23945303
-0.21256698
-0.053634928
-0.27262297
-0.4308616
-0.32299878
-0.14085419
-0.10987507
-0.17184218
-0.16999601
-0.0039322304
-0.21452461
-0.52364018
-0.090097576
-0.23176933
-0.14732389
-0.31688943
-0.065242885
-0.28208006
-0.050139863
-0.12670299
0.0039619049
-0.3980564
0.029344722
-0.23612326
0.15715245
-0.095636313
-0.14948629
-0.027643033
-0.19349348
-0.12250428
-0.29079459
-0.022280797
-0.19579719
-0.25818
-0.086282836
-0.18088498
-0.1477496
-0.19228899
-0.21081361
-0.026494847
-0.095757994
-0.16978515
-0.42196947
0.078027059
-0.27104636
-0.2881223
-0.026521578
-0.063769291
-0.065831041
-0.018790516
-0.10138248
-0.12486048
-0.12577693
0.040242682
0.0086798494
0.095935223
-0.15938315
-0.15910682
-0.0069364734
-0.15776237
0.041410096
0.094355398
-0.060272274
-0.028925651
-0.055198792
-0.12848155
-0.12738981
-0.13218611
-0.10008871
-0.011793508
-0.0011843831
-0.024144143
-0.016885644
-0.087127962
-0.009809572
-0.028792232
-0.14542182
-0.075094323
-0.00025900255
-0.11256096
0.01742563
0.019522519
0.0041430225
-0.022554489
0.037023326
-0.026723759
-0.069727838
-0.01268839
-0.014500687
-0.033994604
0.032060141
-0.013442536
-0.020389042
-0.11121527
-0.13213941
-0.052482324
-0.013719548
-0.12124454
-0.070097811
-0.016512243
-0.018292338
-0.053532749
-0.12378924
-0.035468973
0.041665484
-0.0819869
-0.041128623
-0.095539989
0.052789948
-0.012573207
-0.025877513
-0.024360739
-0.068488932
-0.010020914
-0.073489093
-0.0011089974
-0.0097592699
0.00656548
-0.027386397
-0.066911212
-0.042618908
0.070649943
-0.068318935
-0.097488482
0.0085098237
-0.019178564
-0.031868986
-0.07342519
-0.074568303
-0.045828267
-0.037003357
-0.041209352
-0.086953613
0.023422129
-0.068979932
-0.037815204
-0.053051463
-0.0036583765
-0.063910663
0.016099175
0.0085919633
-0.06058636
-0.049127517
-0.048150632
-0.055170362
-0.027010328
-0.041565421
-0.023218751
0.030689438
-0.011207058
-0.010031938
-0.088975004
-0.033411336
-0.014506332
-0.035495981
-0.018331782
-0.13543463
-0.070425073
-0.015838866
-0.0018344858
-0.039821779
-0.0970229
-0.034631518
-0.026740337
-0.032490618
-0.065449798
-0.04917946
-0.034335806
-0.041063593
-0.26141839
-0.060723057
0.072667957
-0.024681398
-0.14240452
